РЕЗУЛЬТАТЫ ЭКСПЕРИМЕНТА
Размер матрицы: 5x5
Количество потоков: 2
Время выполнения: 0.000000512 секунд
Количество операций: 250.000000
Производительность: 488.28 MFLOPS

Исходные данные:
Матрица A:
1 2 3 4 5 
6 7 8 9 10 
11 12 13 14 15 
16 17 18 19 20 
21 22 23 24 25 

Матрица B:
1 2 3 4 5 
6 7 8 9 10 
11 12 13 14 15 
16 17 18 19 20 
21 22 23 24 25 

Результат C:
215 230 245 260 275 
490 530 570 610 650 
765 830 895 960 1025 
1040 1130 1220 1310 1400 
1315 1430 1545 1660 1775 

Верификация: успешно
