ПАРАЛЛЕЛЬНОЕ УМНОЖЕНИЕ МАТРИЦ (OpenMP)
==================================================

РЕЗУЛЬТАТЫ ЭКСПЕРИМЕНТОВ
--------------------------------------------------
Потоков: 1
Размер	Время(сек)	MFLOPS	Ускорение	Эффективность
--------------------------------------------------
200	0.0115		1392.27	1.00		1.00
400	0.1020		1254.80	0.11		0.11
800	0.7831		1307.69	0.01		0.01
1200	5.9135		584.42	0.00		0.00
1600	14.9694		547.25	0.00		0.00
2000	48.3677		330.80	0.00		0.00

Потоков: 2
Размер	Время(сек)	MFLOPS	Ускорение	Эффективность
--------------------------------------------------
200	0.0110		1454.81	1.00		0.50
400	0.0670		1910.33	0.16		0.08
800	0.6170		1659.53	0.02		0.01
1200	2.6868		1286.31	0.00		0.00
1600	6.8647		1193.35	0.00		0.00
2000	27.2400		587.37	0.00		0.00

Потоков: 4
Размер	Время(сек)	MFLOPS	Ускорение	Эффективность
--------------------------------------------------
200	0.0070		2285.39	1.00		0.25
400	0.0480		2667.56	0.15		0.04
800	0.3526		2904.32	0.02		0.00
1200	1.5041		2297.70	0.00		0.00
1600	4.1819		1958.93	0.00		0.00
2000	19.4324		823.37	0.00		0.00

Потоков: 8
Размер	Время(сек)	MFLOPS	Ускорение	Эффективность
--------------------------------------------------
200	0.0050		3203.20	1.00		0.12
400	0.0380		3367.98	0.13		0.02
800	0.4260		2403.58	0.01		0.00
1200	1.9587		1764.45	0.00		0.00
1600	5.8016		1412.02	0.00		0.00
2000	22.8245		701.00	0.00		0.00

