==========================================================================================
РЕЗУЛЬТАТЫ ПАРАЛЛЕЛЬНОГО УМНОЖЕНИЯ МАТРИЦ (OpenMP)
==========================================================================================

ВРЕМЯ ВЫПОЛНЕНИЯ (секунды)
------------------------------------------------------------------------------------------
Размер    Потоков 1      Потоков 2      Потоков 4      Потоков 8      
------------------------------------------------------------------------------------------
200       0.0115         0.0110         0.0070         0.0050         
400       0.1020         0.0670         0.0480         0.0380         
800       0.7831         0.6170         0.3526         0.4260         
1200      5.9135         2.6868         1.5041         1.9587         
1600      14.9694        6.8647         4.1819         5.8016         
2000      48.3677        27.2400        19.4324        22.8245        

------------------------------------------------------------------------------------------
ПРОИЗВОДИТЕЛЬНОСТЬ (MFLOPS)
------------------------------------------------------------------------------------------
Размер    Потоков 1      Потоков 2      Потоков 4      Потоков 8      
------------------------------------------------------------------------------------------
200       1392.27        1454.81        2285.39        3203.20        
400       1254.80        1910.33        2667.56        3367.98        
800       1307.69        1659.53        2904.32        2403.58        
1200      584.42         1286.31        2297.70        1764.45        
1600      547.25         1193.35        1958.93        1412.02        
2000      330.80         587.37         823.37         701.00         

------------------------------------------------------------------------------------------
УСКОРЕНИЕ
------------------------------------------------------------------------------------------
Размер    Потоков 2      Потоков 4      Потоков 8      
------------------------------------------------------------------------------------------
200       1.05           1.64           2.30           
400       1.52           2.12           2.68           
800       1.27           2.22           1.84           
1200      2.20           3.93           3.02           
1600      2.18           3.58           2.58           
2000      1.78           2.49           2.12           

==========================================================================================
