ТАБЛИЦА РЕЗУЛЬТАТОВ ПАРАЛЛЕЛЬНОГО УМНОЖЕНИЯ МАТРИЦ (MPI)
================================================================================
Размер    1 процессов (сек)   1 процессов (MFLOPS)   2 процессов (сек)   2 процессов (MFLOPS)   4 процессов (сек)   4 процессов (MFLOPS)   8 процессов (сек)   8 процессов (MFLOPS)   
--------------------------------------------------------------------------------
200       0.1370            116.80              0.0398            401.74              0.0282            568.10              0.0380            421.20              
400       1.0194            125.57              0.3160            405.07              0.2855            448.30              0.2934            436.32              
800       7.7950            131.37              2.4826            412.48              1.9808            516.96              2.2398            457.18              
1200      28.7786           120.09              8.7494            395.00              10.0937           342.39              10.4425           330.95              
1600      54.0617           151.53              37.8357           216.52              33.4581           244.84              30.6358           267.40              
2000      142.6195          112.19              65.0286           246.05              57.7354           277.13              48.9090           327.14              
================================================================================
